25
0 0 0 0 0 0 0 0 418 0 0 439 0 0 0 0 0 0 0 0 0 0 0 0 0 
0 0 0 0 0 0 0 0 0 0 0 0 0 0 0 553 0 0 0 0 0 0 0 524 0 
0 0 0 0 0 0 0 0 0 0 0 343 0 0 0 0 510 0 0 0 0 611 0 0 0 
0 0 0 0 0 0 0 367 0 0 0 0 0 0 16 0 0 0 0 0 0 0 534 0 463 
0 0 0 0 0 0 0 0 0 616 0 0 0 0 157 0 0 0 0 0 0 0 0 0 0 
0 0 0 0 0 0 0 0 0 0 575 0 0 0 264 0 0 0 0 0 0 0 404 0 0 
0 0 0 0 0 0 0 330 0 27 0 0 0 0 0 0 0 0 0 0 0 499 0 0 0 
0 0 0 367 0 0 330 0 0 0 283 0 0 0 0 0 0 0 0 0 0 0 28 0 0 
418 0 0 0 0 0 0 0 0 0 0 0 0 0 0 0 0 0 0 0 166 0 0 214 367 
0 0 0 0 616 0 27 0 0 0 0 0 0 0 0 0 0 0 0 204 0 0 0 0 0 
0 0 0 0 0 575 0 283 0 0 0 0 0 546 0 0 0 74 0 0 0 0 0 0 0 
439 0 343 0 0 0 0 0 0 0 0 0 0 0 0 0 0 0 0 0 0 0 0 0 0 
0 0 0 0 0 0 0 0 0 0 0 0 0 13 0 0 0 0 276 0 0 0 0 0 0 
0 0 0 0 0 0 0 0 0 0 546 0 13 0 0 0 0 0 55 0 0 0 0 0 0 
0 0 0 16 157 264 0 0 0 0 0 0 0 0 0 0 0 0 0 0 0 0 0 0 0 
0 553 0 0 0 0 0 0 0 0 0 0 0 0 0 0 0 0 0 0 357 0 0 0 0 
0 0 510 0 0 0 0 0 0 0 0 0 0 0 0 0 0 231 0 0 0 0 0 0 0 
0 0 0 0 0 0 0 0 0 0 74 0 0 0 0 0 231 0 0 0 200 0 452 0 0 
0 0 0 0 0 0 0 0 0 0 0 0 276 55 0 0 0 0 0 155 0 0 0 0 0 
0 0 0 0 0 0 0 0 0 204 0 0 0 0 0 0 0 0 155 0 56 0 0 0 587 
0 0 0 0 0 0 0 0 166 0 0 0 0 0 0 357 0 200 0 56 0 0 0 0 0 
0 0 611 0 0 0 499 0 0 0 0 0 0 0 0 0 0 0 0 0 0 0 0 265 0 
0 0 0 534 0 404 0 28 0 0 0 0 0 0 0 0 0 452 0 0 0 0 0 0 0 
0 524 0 0 0 0 0 0 214 0 0 0 0 0 0 0 0 0 0 0 0 265 0 0 0 
0 0 0 463 0 0 0 0 367 0 0 0 0 0 0 0 0 0 0 587 0 0 0 0 0 